,1,2,3,4,5,6,7,8,9
1,0,29,34,43,68,49,66,72,91
2,29,0,52,72,96,72,81,89,114
3,34,52,0,45,71,71,95,99,108
4,43,72,45,0,27,36,65,65,65
5,68,96,71,27,0,40,66,62,46
6,49,72,71,36,40,0,31,31,43
7,66,81,95,65,66,31,0,11,46
8,72,89,99,65,62,31,11,0,36
9,91,114,108,65,46,43,46,36,0
